(1554351995742,420)
(1554351997286,422)
(1554351998729,587)
(1554352000174,333)
(1554352001721,505)
(1554352003172,502)
(1554352004618,402)
(1554352006174,420)
(1554352007627,438)
(1554352009080,544)
(1554352010635,658)
(1554352012087,527)
(1554352013531,438)
(1554352015072,428)
(1554352016514,473)
(1554352018062,459)
(1554352019506,401)
(1554352020957,452)
(1554352022501,475)
(1554352023945,499)
(1554352025393,423)
(1554352026926,306)
(1554352029924,1299)
(1554352031363,383)
(1554352032811,449)
(1554352034358,522)
(1554352035801,421)
(1554352037335,628)
(1554352038786,419)
(1554352040223,489)
(1554352041772,344)
(1554352043216,507)
(1554352044757,445)
(1554352046206,442)
(1554352047645,471)
(1554352049183,399)
(1554352052179,1113)
(1554352053619,506)
(1554352055062,506)
(1554352056604,522)
(1554352058042,676)
(1554352059577,533)
(1554352061020,450)
